5.3391 0.0158
16.0146 0.0492
23.1136 0.0835
30.214 0.1169
39.0991 0.1522
46.1995 0.1856
53.2985 0.2199
62.1864 0.2533
69.2854 0.2877
76.3845 0.322
85.271 0.3564
92.37 0.3907
99.4689 0.425
110.1445 0.4584
117.2449 0.4918
126.1314 0.5262
135.0193 0.5596
143.9045 0.5949
154.5813 0.6273
167.043 0.6617
177.717 0.696
190.18 0.7294
199.0666 0.7638
213.3158 0.7981
225.7788 0.8315
241.8168 0.8649
259.6438 0.8974
281.0445 0.9308
306.0217 0.9633
341.7269 0.9939
329.2307 0.9827
386.4057 1.0004
407.8617 0.9966
438.2775 0.9781
468.7099 0.9484
495.5713 0.9159
517.073 0.8815
533.2078 0.85
551.133 0.8166
569.0581 0.7831
585.1958 0.7497
599.5472 0.7154
615.6848 0.682
628.2474 0.6486
640.8098 0.6151
655.16 0.5817
669.5114 0.5474
682.074 0.514
694.6379 0.4796
707.2005 0.4462
719.7644 0.4119
732.3269 0.3785
744.8881 0.346
759.2396 0.3115
773.591 0.2772
787.9411 0.2439
804.0801 0.2095
816.6413 0.177
834.5678 0.1427
850.7041 0.1102
870.4168 0.0768
893.7031 0.0443
925.9231 0.0146
943.8123 5.3182e-3