0.0399 1.0555
0.1166 1.1703
0.1173 1.6522
0.1557 1.767
0.1756 2.2259
0.5006 2.2722
0.5591 2.9836
0.7122 3.0526
0.7353 5.5535
0.8883 5.5997
0.9308 8.2843
1.2367 8.3306
1.2777 10.0974
1.5836 10.1438
1.6034 10.5568
1.7564 10.6029
1.7965 11.7502
1.9686 11.7963
2.4847 11.7971
2.5043 12.0724
2.8484 12.0729
3.0013 12.0961
3.3072 12.0965
3.4983 12.0509
3.5349 11.0414
4.4907 11.0428
4.5473 10.5381
5.006 10.5158
5.1971 10.4931
5.503 10.5165
5.5201 9.2316
6.0171 9.2094
6.9919 9.1649
7.026 6.5722
7.3127 6.5726
8.02 6.5507
9.014 6.5521
9.0484 4.1201
10.0042 4.1214
12.0304 4.1014
12.5083 4.1021
12.5236 1.6928
13.9955 1.6491
15.0086 1.6505
15.3718 1.6511
15.9644 1.629
15.9828 1.2389
16.0000 0.1836
