0.1129 0.0682
0.2014 0.0667
0.2722 0.0656
0.3256 0.9447
0.37 1.544
0.397 2.4635
0.4419 4.1028
0.4599 4.9825
0.4779 5.7822
0.4959 6.5019
0.5139 7.2616
0.5319 8.1014
0.5768 9.7806
0.5948 10.5803
0.6128 11.42
0.6396 12.1796
0.6576 12.9792
0.6756 13.7389
0.7025 14.6585
0.7292 15.4181
0.7518 16.2178
0.7741 16.8974
0.7966 17.6971
0.8456 18.5963
0.8723 19.3758
0.9037 20.1353
0.9348 20.8748
0.9839 21.694
1.0285 22.4933
1.0686 23.1926
1.1176 23.9718
1.1621 24.7311
1.242 25.4898
1.3263 26.0284
1.4018 26.6472
1.4417 26.8066
1.5126 27.0454
1.5613 27.1646
1.6632 27.363
1.7429 27.4217
1.8491 27.4
1.8978 27.3392
1.9995 27.1175
2.0393 26.9969
2.1365 26.6953
2.1807 26.5546
2.2647 26.2732
2.3089 26.1325
2.3974 25.891
2.446 25.6903
2.4901 25.3295
2.5387 25.1287
2.6448 24.7469
2.7597 24.1652
2.8657 23.6834
2.9497 23.2621
2.9893 23.0814
3.0557 22.7603
3.091 22.5598
3.1617 22.0386
3.2058 21.8178
3.2852 21.3166
3.3162 21.136
3.3869 20.795
3.4179 20.6545
3.4841 20.2534
3.5724 19.7719
3.6696 19.0904
3.7844 18.4485
3.8551 18.0874
3.8904 17.8868
3.9698 17.2455
4.0626 16.704
4.1376 16.1628
4.2612 15.4008
4.3761 14.7189
4.5173 13.8366
4.588 13.3154
4.641 12.9146
4.7292 12.3131
4.8265 11.8316
4.9236 11.07
5.0825 10.0274
5.1619 9.3061
5.2503 8.7447
5.3385 8.1432
5.3915 7.5824
5.4179 7.302
5.4708 6.9011
5.5062 6.7405
5.5503 6.2198
5.5768 6.0194
5.6297 5.5785
5.6562 5.378
5.6914 4.8175
5.7267 4.6169
5.762 4.1764
5.7885 3.9759
5.8325 3.3752
5.8679 3.2146
5.8854 2.7344
5.903 2.5341
5.9205 1.8938
5.9381 1.6935
5.9644 0.9731
5.9907 0.2927
5.9995 0.0525
