4.608e-3 0.128
9.217e-3 0.222
1.267e-2 0.313
1.959e-2 0.397
2.535e-2 0.48
3.226e-2 0.565
4.032e-2 0.648
4.724e-2 0.718
5.645e-2 0.802
6.682e-2 0.869
7.834e-2 0.956
9.101e-2 1.032
9.908e-2 1.092
0.112 1.167
0.128 1.249
0.137 1.298
0.154 1.377
0.167 1.429
0.184 1.492
0.199 1.54
0.219 1.595
0.234 1.633
0.263 1.682
0.291 1.71
0.315 1.729
0.34 1.732
0.37 1.72
0.403 1.685
0.431 1.64
0.456 1.588
0.478 1.537
0.5 1.48
0.521 1.414
0.553 1.318
0.576 1.23
0.596 1.157
0.609 1.098
0.629 1.025
0.649 0.938
0.671 0.857
0.684 0.798
0.698 0.742
0.714 0.674
0.734 0.589
0.751 0.518
0.775 0.431
0.803 0.334
0.823 0.264
0.843 0.199
0.865 0.142
0.889 8.343e-2
0.914 3.942e-2
0.938 1.157e-2
0.964 1.364e-3