0.0189 366.5198
0.0287 484.49
0.0434 610.8977
0.0516 724.6513
0.0679 838.4263
0.0825 943.7724
0.0939 1049.11
0.1135 1141.8319
0.1297 1238.7578
0.1493 1339.9043
0.1737 1432.6392
0.2013 1533.8071
0.2322 1609.7098
0.263 1660.3386
0.3003 1710.9845
0.3344 1715.2865
0.3766 1706.9729
0.409 1664.9352
0.4398 1631.3179
0.4673 1568.2059
0.49 1505.081
0.5143 1437.7482
0.5369 1366.1987
0.5628 1282.0209
0.585 1197.8345
0.608 1113.6482
0.6324 1021.0415
0.655 932.6428
0.6777 844.2441
0.6987 751.6289
0.7197 667.4382
0.744 562.1945
0.7683 469.5878
0.7942 372.7732
0.8201 288.5953
0.8443 212.8378
0.8654 141.2842
0.8994 73.9769
0.9237 31.9179
