5.3391e-3 0.0158
0.016 0.0492
0.0231 0.0835
0.0302 0.1169
0.0391 0.1522
0.0462 0.1856
0.0533 0.2199
0.0622 0.2533
0.0693 0.2877
0.0764 0.322
0.0853 0.3564
0.0924 0.3907
0.0995 0.425
0.1101 0.4584
0.1172 0.4918
0.1261 0.5262
0.135 0.5596
0.1439 0.5949
0.1546 0.6273
0.167 0.6617
0.1777 0.696
0.1902 0.7294
0.1991 0.7638
0.2133 0.7981
0.2258 0.8315
0.2418 0.8649
0.2596 0.8974
0.281 0.9308
0.306 0.9633
0.3417 0.9939
0.3292 0.9827
0.3864 1.0004
0.4079 0.9966
0.4383 0.9781
0.4687 0.9484
0.4956 0.9159
0.5171 0.8815
0.5332 0.85
0.5511 0.8166
0.5691 0.7831
0.5852 0.7497
0.5995 0.7154
0.6157 0.682
0.6282 0.6486
0.6408 0.6151
0.6552 0.5817
0.6695 0.5474
0.6821 0.514
0.6945 0.4796
0.7072 0.4462
0.7198 0.4119
0.7323 0.3785
0.7449 0.346
0.7591 0.3115
0.7736 0.2772
0.7879 0.2439
0.8041 0.2095
0.8166 0.177
0.8346 0.1427
0.8507 0.1102
0.8704 0.0768
0.8937 0.0443
0.9259 0.0146
0.9438 5.3182e-3