6.8285e-3 0.013
0.0159 0.0473
0.0228 0.0811
0.0296 0.1142
0.0364 0.1491
0.0432 0.1817
0.0524 0.2166
0.0592 0.2497
0.0683 0.2835
0.0763 0.3178
0.0831 0.3509
0.091 0.387
0.099 0.4202
0.1081 0.4563
0.1161 0.49
0.1263 0.5255
0.1343 0.5586
0.1445 0.5918
0.1536 0.6273
0.165 0.661
0.1764 0.693
0.1878 0.7285
0.1992 0.7616
0.2117 0.7948
0.2265 0.8291
0.2413 0.8622
0.2583 0.896
0.2777 0.9285
0.3027 0.9622
0.3277 0.9818
0.3426 0.9919
0.3608 0.9996
0.3835 1.0013
0.4062 0.996
0.4325 0.9824
0.4518 0.9653
0.47 0.9452
0.4928 0.9156
0.5144 0.883
0.5303 0.8558
0.5486 0.8227
0.5678 0.7848
0.5861 0.7469
0.5986 0.7144
0.6134 0.6801
0.6282 0.647
0.6419 0.6127
0.6543 0.579
0.6681 0.547
0.6851 0.5009
0.6987 0.4677
0.7113 0.434
0.725 0.3997
0.7386 0.3636
0.7523 0.3287
0.7659 0.2926
0.7795 0.2607
0.7944 0.2269
0.808 0.195
0.8228 0.1613
0.8388 0.1287
0.857 0.0962
0.8786 0.0625
0.8934 0.0424
0.9024 0.0317
0.9207 0.0157
0.9321 8.6517e-3
0.9435 3.9225e-3
