2.2251e-3 8643.5601
9.643e-3 37979.2618
0.0185 73601.1714
0.0208 86173.4908
0.0237 99531.6587
0.0282 1.1525e5
0.0326 1.2939e5
0.0356 1.4694e5
0.0408 1.6135e5
0.0452 1.7628e5
0.0504 1.9278e5
0.0556 2.0587e5
0.0608 2.2264e5
0.0645 2.3573e5
0.0704 2.5066e5
0.0771 2.6612e5
0.0823 2.7555e5
0.0867 2.8472e5
0.0911 2.9493e5
0.0963 3.0567e5
0.1015 3.13e5
0.1067 3.2374e5
0.1126 3.3291e5
0.1185 3.4391e5
0.1244 3.5282e5
0.1303 3.6277e5
0.137 3.7011e5
0.1429 3.7901e5
0.1488 3.8661e5
0.1562 3.963e5
0.1643 4.0652e5
0.1732 4.1569e5
0.1806 4.2433e5
0.188 4.3193e5
0.1976 4.3952e5
0.2042 4.466e5
0.2138 4.5419e5
0.2241 4.6153e5
0.2323 4.6755e5
0.2426 4.741e5
0.2544 4.7987e5
0.2662 4.8537e5
0.278 4.8982e5
0.292 4.9401e5
0.3046 4.969e5
0.3142 4.9873e5
0.326 4.9952e5
0.3378 4.9978e5
0.3481 4.9926e5
0.3584 4.9821e5
0.3731 4.956e5
0.3835 4.9324e5
0.3945 4.9036e5
0.4048 4.8643e5
0.413 4.8277e5
0.4218 4.7936e5
0.4321 4.7439e5
0.4417 4.6941e5
0.452 4.6313e5
0.4616 4.5711e5
0.4712 4.5056e5
0.48 4.4454e5
0.4888 4.3747e5
0.4977 4.3092e5
0.5058 4.2385e5
0.5139 4.1704e5
0.5234 4.0918e5
0.5316 4.0159e5
0.5404 3.9373e5
0.5485 3.8588e5
0.5558 3.7907e5
0.5625 3.7252e5
0.5684 3.6571e5
0.575 3.5916e5
0.5816 3.5131e5
0.5883 3.4397e5
0.5956 3.3743e5
0.6008 3.3088e5
0.6074 3.2512e5
0.6126 3.1831e5
0.6185 3.1124e5
0.6242 3.0548e5
0.628 2.9998e5
0.6339 2.9343e5
0.6398 2.8636e5
0.6463 2.7929e5
0.6522 2.7117e5
0.6582 2.641e5
0.6648 2.5781e5
0.67 2.4996e5
0.6766 2.4289e5
0.684 2.3477e5
0.6899 2.2691e5
0.6987 2.1748e5
0.7046 2.0936e5
0.7142 1.9863e5
0.72 1.9103e5
0.7252 1.8553e5
0.7318 1.7768e5
0.737 1.7139e5
0.7436 1.6458e5
0.7502 1.5646e5
0.7553 1.5018e5
0.7612 1.4311e5
0.7686 1.3577e5
0.7753 1.2896e5
0.7826 1.2006e5
0.7907 1.1168e5
0.8003 1.0225e5
0.8084 93348.4019
0.818 84444.4698
0.8275 76064.3721
0.8371 66636.6054
0.8467 58256.5078
0.8563 50400.2448
0.8673 42544.1749
0.8791 33902.4497
0.8916 26046.573
0.9049 18714.6274
0.9218 11645.082
0.9388 6147.0403
0.9535 2744.0471
0.9653 388.3368
