7.364e-5 0.0544
3.704e-3 0.4719
8.1524e-3 1.1616
0.0156 2.305
0.02 2.9946
0.0259 3.9384
0.0319 4.6825
0.0378 5.3359
0.0437 6.0438
0.0482 6.7697
0.0556 7.532
0.0704 8.8569
0.0866 10.0004
0.1029 11.0712
0.1177 11.9243
0.1295 12.5232
0.1428 13.1585
0.1591 13.7938
0.1724 14.3746
0.1857 14.901
0.2034 15.4819
0.2182 15.8449
0.233 16.2261
0.2492 16.571
0.2625 16.807
0.2802 17.0249
0.2993 17.1883
0.3201 17.2973
0.3385 17.2883
0.3614 17.2248
0.3798 17.0707
0.399 16.8801
0.4175 16.6534
0.4293 16.4539
0.4411 16.2361
0.4551 15.964
0.4691 15.6463
0.4794 15.3652
0.4912 15.0657
0.5015 14.7753
0.5133 14.4397
0.5281 13.9679
0.5399 13.6231
0.5554 13.106
0.5686 12.6522
0.5804 12.1804
0.5899 11.8266
0.6048 11.2641
0.6166 10.7741
0.6306 10.266
0.6431 9.767
0.6571 9.2226
0.6741 8.4786
0.6932 7.7345
0.7124 6.9633
0.7301 6.2102
0.7469 5.5388
0.7618 4.9127
0.778 4.3139
0.7927 3.7423
0.8134 3.0799
0.8303 2.4902
0.8466 2.0365
0.8628 1.5375
0.879 1.1383
0.896 0.8026
0.9092 0.5758
0.9218 0.3761
0.9365 0.222
0.9506 0.1132
0.9616 0.0497
