1.3527e-3 0.0581
5.3069e-3 0.151
9.964e-3 0.2937
0.0203 0.4064
0.0333 0.5642
0.0469 0.6869
0.065 0.8446
0.0836 0.9856
0.1044 1.1233
0.1172 1.203
0.132 1.271
0.1616 1.4054
0.1815 1.4801
0.2001 1.5348
0.2521 1.6543
0.2719 1.6892
0.3033 1.7157
0.3602 1.7207
0.3883 1.7008
0.4112 1.6709
0.4686 1.568
0.4897 1.5083
0.512 1.4552
0.5521 1.3208
0.575 1.2461
0.5903 1.1897
0.6303 1.0337
0.6456 0.974
0.6615 0.9043
0.6958 0.7483
0.7149 0.6787
0.7301 0.6122
0.7645 0.4746
0.7829 0.4082
0.8001 0.3468
0.8453 0.1975
0.8638 0.1444
0.8835 0.0996
0.9371 0.0149
0.9678 1.6593e-3
0.994 0.