2.2251e-3 8.6436e-5
9.643e-3 3.7979e-4
0.0185 7.3601e-4
0.0208 8.6173e-4
0.0237 9.9532e-4
0.0282 1.1525e-3
0.0326 1.2939e-3
0.0356 1.4694e-3
0.0408 1.6135e-3
0.0452 1.7628e-3
0.0504 1.9278e-3
0.0556 2.0587e-3
0.0608 2.2264e-3
0.0645 2.3573e-3
0.0704 2.5066e-3
0.0771 2.6612e-3
0.0823 2.7555e-3
0.0867 2.8472e-3
0.0911 2.9493e-3
0.0963 3.0567e-3
0.1015 3.13e-3
0.1067 3.2374e-3
0.1126 3.3291e-3
0.1185 3.4391e-3
0.1244 3.5282e-3
0.1303 3.6277e-3
0.137 3.7011e-3
0.1429 3.7901e-3
0.1488 3.8661e-3
0.1562 3.963e-3
0.1643 4.0652e-3
0.1732 4.1569e-3
0.1806 4.2433e-3
0.188 4.3193e-3
0.1976 4.3952e-3
0.2042 4.466e-3
0.2138 4.5419e-3
0.2241 4.6153e-3
0.2323 4.6755e-3
0.2426 4.741e-3
0.2544 4.7987e-3
0.2662 4.8537e-3
0.278 4.8982e-3
0.292 4.9401e-3
0.3046 4.969e-3
0.3142 4.9873e-3
0.326 4.9952e-3
0.3378 4.9978e-3
0.3481 4.9926e-3
0.3584 4.9821e-3
0.3731 4.956e-3
0.3835 4.9324e-3
0.3945 4.9036e-3
0.4048 4.8643e-3
0.413 4.8277e-3
0.4218 4.7936e-3
0.4321 4.7439e-3
0.4417 4.6941e-3
0.452 4.6313e-3
0.4616 4.5711e-3
0.4712 4.5056e-3
0.48 4.4454e-3
0.4888 4.3747e-3
0.4977 4.3092e-3
0.5058 4.2385e-3
0.5139 4.1704e-3
0.5234 4.0918e-3
0.5316 4.0159e-3
0.5404 3.9373e-3
0.5485 3.8588e-3
0.5558 3.7907e-3
0.5625 3.7252e-3
0.5684 3.6571e-3
0.575 3.5916e-3
0.5816 3.5131e-3
0.5883 3.4397e-3
0.5956 3.3743e-3
0.6008 3.3088e-3
0.6074 3.2512e-3
0.6126 3.1831e-3
0.6185 3.1124e-3
0.6242 3.0548e-3
0.628 2.9998e-3
0.6339 2.9343e-3
0.6398 2.8636e-3
0.6463 2.7929e-3
0.6522 2.7117e-3
0.6582 2.641e-3
0.6648 2.5781e-3
0.67 2.4996e-3
0.6766 2.4289e-3
0.684 2.3477e-3
0.6899 2.2691e-3
0.6987 2.1748e-3
0.7046 2.0936e-3
0.7142 1.9863e-3
0.72 1.9103e-3
0.7252 1.8553e-3
0.7318 1.7768e-3
0.737 1.7139e-3
0.7436 1.6458e-3
0.7502 1.5646e-3
0.7553 1.5018e-3
0.7612 1.4311e-3
0.7686 1.3577e-3
0.7753 1.2896e-3
0.7826 1.2006e-3
0.7907 1.1168e-3
0.8003 1.0225e-3
0.8084 9.3348e-4
0.818 8.4444e-4
0.8275 7.6064e-4
0.8371 6.6637e-4
0.8467 5.8257e-4
0.8563 5.04e-4
0.8673 4.2544e-4
0.8791 3.3902e-4
0.8916 2.6047e-4
0.9049 1.8715e-4
0.9218 1.1645e-4
0.9388 6.147e-5
0.9535 2.744e-5
0.9653 3.8834e-6
