2.2251e-3 0.0173
9.643e-3 0.076
0.0185 0.1472
0.0208 0.1723
0.0237 0.1991
0.0282 0.2305
0.0326 0.2588
0.0356 0.2939
0.0408 0.3227
0.0452 0.3526
0.0504 0.3856
0.0556 0.4117
0.0608 0.4453
0.0645 0.4715
0.0704 0.5013
0.0771 0.5322
0.0823 0.5511
0.0867 0.5694
0.0911 0.5899
0.0963 0.6113
0.1015 0.626
0.1067 0.6475
0.1126 0.6658
0.1185 0.6878
0.1244 0.7056
0.1303 0.7255
0.137 0.7402
0.1429 0.758
0.1488 0.7732
0.1562 0.7926
0.1643 0.813
0.1732 0.8314
0.1806 0.8487
0.188 0.8639
0.1976 0.879
0.2042 0.8932
0.2138 0.9083
0.2241 0.9231
0.2323 0.9351
0.2426 0.9482
0.2544 0.9597
0.2662 0.9707
0.278 0.9796
0.292 0.988
0.3046 0.9938
0.3142 0.9975
0.326 0.999
0.3378 0.9996
0.3481 0.9985
0.3584 0.9964
0.3731 0.9912
0.3835 0.9865
0.3945 0.9807
0.4048 0.9729
0.413 0.9655
0.4218 0.9586
0.4321 0.9487
0.4417 0.9388
0.452 0.9263
0.4616 0.9142
0.4712 0.9011
0.48 0.8891
0.4888 0.8749
0.4977 0.8618
0.5058 0.8477
0.5139 0.834
0.5234 0.8184
0.5316 0.8032
0.5404 0.7875
0.5485 0.7718
0.5558 0.7581
0.5625 0.745
0.5684 0.7314
0.575 0.7183
0.5816 0.7026
0.5883 0.6879
0.5956 0.6749
0.6008 0.6618
0.6074 0.6502
0.6126 0.6366
0.6185 0.6225
0.6242 0.611
0.628 0.6
0.6339 0.5869
0.6398 0.5727
0.6463 0.5586
0.6522 0.5423
0.6582 0.5282
0.6648 0.5156
0.67 0.4999
0.6766 0.4858
0.684 0.4695
0.6899 0.4538
0.6987 0.435
0.7046 0.4187
0.7142 0.3973
0.72 0.382
0.7252 0.3711
0.7318 0.3554
0.737 0.3428
0.7436 0.3292
0.7502 0.3129
0.7553 0.3004
0.7612 0.2862
0.7686 0.2715
0.7753 0.2579
0.7826 0.2401
0.7907 0.2234
0.8003 0.2045
0.8084 0.1867
0.818 0.1689
0.8275 0.1521
0.8371 0.1333
0.8467 0.1165
0.8563 0.1008
0.8673 0.0851
0.8791 0.0678
0.8916 0.0521
0.9049 0.0374
0.9218 0.0233
0.9388 0.0123
0.9535 5.4881e-3
0.9653 7.7667e-4
