0.0223 0.211
0.0251 0.3472
0.0298 0.4969
0.0332 0.6332
0.0373 0.7694
0.0401 0.9397
0.0449 1.1167
0.0496 1.287
0.053 1.4504
0.0578 1.6343
0.0619 1.7841
0.066 1.9476
0.0694 2.0702
0.0735 2.2472
0.079 2.4039
0.0851 2.5605
0.0905 2.7103
0.096 2.8737
0.1027 3.0235
0.1089 3.1597
0.1136 3.2823
0.1204 3.4389
0.1292 3.5817
0.1374 3.7248
0.1461 3.861
0.1557 3.9835
0.1631 4.0924
0.1753 4.2149
0.1854 4.3237
0.1983 4.4122
0.2111 4.5007
0.226 4.555
0.2395 4.5889
0.2551 4.6092
0.2713 4.6091
0.2861 4.5681
0.2982 4.5203
0.3063 4.4657
0.3157 4.3975
0.3245 4.3088
0.3319 4.227
0.3393 4.1384
0.3467 4.0498
0.3541 3.9611
0.3629 3.8589
0.3689 3.7566
0.3756 3.6612
0.3844 3.5453
0.3911 3.4362
0.3985 3.3272
0.4059 3.2181
0.4133 3.0954
0.4207 2.9864
0.4267 2.8841
0.4341 2.7819
0.4408 2.6592
0.4489 2.5229
0.4563 2.407
0.4637 2.2775
0.4717 2.1344
0.4805 1.9844
0.4892 1.8481
0.4993 1.6981
0.506 1.555
0.5173 1.3846
0.5269 1.2278
0.5369 1.0779
0.545 0.9484
0.5544 0.812
0.5638 0.6757
0.5746 0.553
0.5827 0.4439
0.5941 0.3484
0.6069 0.2393
0.6162 0.1711
0.6305 0.0892
0.6413 0.0483
0.6514 0.0209
