5.209e-3 0.117
7.793e-3 0.197
1.168e-2 0.307
1.423e-2 0.431
1.942e-2 0.565
2.328e-2 0.706
2.847e-2 0.843
3.365e-2 0.992
3.754e-2 1.104
4.012e-2 1.189
4.599e-2 1.301
5.053e-2 1.423
5.839e-2 1.55
6.492e-2 1.668
7.212e-2 1.785
7.998e-2 1.911
8.721e-2 2.001
9.509e-2 2.091
0.101 2.159
0.108 2.238
0.116 2.307
0.123 2.375
0.132 2.439
0.143 2.506
0.148 2.539
0.154 2.565
0.16 2.589
0.167 2.619
0.175 2.643
0.184 2.665
0.194 2.68
0.207 2.69
0.219 2.685
0.229 2.674
0.238 2.656
0.246 2.636
0.253 2.616
0.26 2.592
0.27 2.557
0.279 2.514
0.288 2.472
0.297 2.428
0.305 2.379
0.312 2.335
0.319 2.289
0.325 2.242
0.334 2.189
0.342 2.132
0.353 2.049
0.361 1.988
0.369 1.919
0.376 1.851
0.384 1.787
0.39 1.734
0.398 1.67
0.403 1.611
0.41 1.549
0.416 1.501
0.42 1.449
0.428 1.379
0.436 1.315
0.44 1.257
0.449 1.185
0.453 1.138
0.459 1.083
0.466 1.032
0.47 0.98
0.478 0.915
0.483 0.865
0.491 0.799
0.496 0.742
0.503 0.686
0.511 0.621
0.52 0.552
0.528 0.487
0.536 0.434
0.543 0.385
0.552 0.319
0.56 0.263
0.572 0.205
0.584 0.143
0.593 9.893e-2
0.604 6.118e-2
0.62 2.101e-2
0.635 -3.325e-3