1.434e-3 0.12
4.178e-3 0.263
8.837e-3 0.401
1.282e-2 0.509
1.746e-2 0.639
1.887e-2 0.74
2.356e-2 0.9
2.886e-2 1.039
3.348e-2 1.144
3.745e-2 1.246
4.337e-2 1.367
4.927e-2 1.472
5.517e-2 1.583
6.041e-2 1.678
6.889e-2 1.799
7.869e-2 1.952
8.91e-2 2.08
0.1 2.205
0.108 2.285
0.117 2.371
0.127 2.431
0.134 2.483
0.142 2.523
0.149 2.565
0.159 2.611
0.17 2.649
0.181 2.679
0.194 2.696
0.206 2.708
0.22 2.696
0.236 2.673
0.246 2.648
0.256 2.619
0.265 2.585
0.274 2.546
0.281 2.513
0.287 2.478
0.296 2.435
0.306 2.367
0.319 2.29
0.329 2.217
0.34 2.146
0.346 2.094
0.355 2.029
0.362 1.964
0.369 1.901
0.38 1.811
0.386 1.734
0.4 1.621
0.412 1.514
0.422 1.421
0.431 1.339
0.441 1.246
0.452 1.125
0.465 1.01
0.476 0.917
0.49 0.794
0.505 0.656
0.517 0.556
0.531 0.448
0.544 0.355
0.555 0.282
0.565 0.212
0.579 0.142
0.589 9.54e-2
0.601 5.384e-2
0.613 2.059e-2
0.626 5.639e-3
0.636 6.608e-4