2.344e-3 0.115
4.689e-3 0.231
8.195e-3 0.373
8.23e-3 0.476
1.057e-2 0.585
1.522e-2 0.696
1.987e-2 0.792
2.221e-2 0.893
2.685e-2 1.005
2.92e-2 1.112
3.73e-2 1.21
4.079e-2 1.307
4.429e-2 1.407
4.778e-2 1.513
5.473e-2 1.62
6.054e-2 1.726
6.633e-2 1.817
7.559e-2 1.921
8.138e-2 2.003
9.065e-2 2.133
9.876e-2 2.228
0.107 2.29
0.113 2.341
0.117 2.382
0.121 2.419
0.127 2.457
0.133 2.501
0.142 2.547
0.15 2.577
0.158 2.616
0.167 2.648
0.178 2.676
0.193 2.694
0.202 2.701
0.22 2.692
0.234 2.666
0.248 2.636
0.255 2.607
0.263 2.581
0.27 2.539
0.281 2.494
0.299 2.416
0.304 2.369
0.313 2.312
0.324 2.234
0.333 2.166
0.339 2.117
0.347 2.071
0.354 2.014
0.359 1.96
0.367 1.895
0.373 1.847
0.381 1.764
0.388 1.701
0.398 1.63
0.404 1.573
0.41 1.505
0.418 1.436
0.424 1.371
0.431 1.309
0.44 1.229
0.447 1.156
0.454 1.096
0.463 1.003
0.472 0.911
0.482 0.823
0.492 0.733
0.504 0.64
0.512 0.573
0.523 0.486
0.538 0.373
0.55 0.295
0.561 0.219
0.573 0.156
0.581 0.115
0.589 8.666e-2
0.596 5.875e-2
0.608 2.937e-2
0.617 1.028e-2
0.635 0.