4.4e-3 0.146
8.801e-3 0.34
1.76e-2 0.625
2.42e-2 0.85
2.64e-2 1.04
3.74e-2 1.233
4.84e-2 1.488
6.601e-2 1.812
8.581e-2 2.095
0.101 2.259
0.112 2.353
0.123 2.444
0.134 2.546
0.15 2.615
0.165 2.676
0.176 2.714
0.196 2.745
0.224 2.72
0.24 2.69
0.253 2.647
0.271 2.599
0.282 2.535
0.295 2.446
0.312 2.346
0.33 2.223
0.351 2.063
0.367 1.903
0.385 1.742
0.403 1.587
0.422 1.422
0.436 1.265
0.453 1.138
0.466 0.978
0.476 0.853
0.499 0.726
0.51 0.595
0.53 0.435
0.546 0.305
0.569 0.171
0.589 7.295e-2
0.605 3.875e-2
0.625 1.14e-2