0.0132 122.0864
0.0172 230.1424
0.0252 403.9609
0.0316 558.9931
0.0403 751.6034
0.0475 892.5326
0.0547 1052.2588
0.0651 1226.0612
0.0739 1385.7767
0.0843 1578.3761
0.1003 1803.8327
0.1147 1987.0067
0.1291 2141.9851
0.1459 2296.9476
0.1619 2419.0206
0.1819 2531.6682
0.2003 2597.334
0.2244 2644.1651
0.2492 2643.9984
0.2732 2601.5436
0.2957 2521.5057
0.3133 2441.5001
0.3334 2328.5835
0.351 2215.6831
0.3655 2112.2027
0.3831 1985.2045
0.3984 1858.2224
0.4152 1712.4325
0.4321 1557.2443
0.4497 1406.7498
0.4666 1256.2607
0.4851 1086.9639
0.5011 931.7809
0.518 785.991
0.5364 621.3935
0.5533 494.4007
0.5693 358.0148
0.591 216.8919
0.6046 127.5147
0.6175 52.2405
0.6287 0.4734
