0 0
1.4754e-3 0.0272
7.5855e-3 2.4546
0.0137 4.4113
0.0212 6.5671
0.0288 8.7229
0.0333 9.7917
0.0408 11.9295
0.0499 14.0673
0.0619 16.2412
0.0753 18.3971
0.0873 20.0638
0.0977 21.4407
0.1081 22.5095
0.117 23.361
0.1274 24.2669
0.1393 25.0097
0.1496 25.6076
0.1615 26.0605
0.1703 26.4229
0.1822 26.6947
0.1955 26.9121
0.2117 26.9847
0.2264 26.8397
0.2382 26.6042
0.2514 26.2602
0.2661 25.8255
0.2778 25.3364
0.291 24.6299
0.3057 23.7242
0.3189 22.8909
0.3306 22.0395
0.3423 21.1881
0.3584 19.8658
0.376 18.4346
0.3979 16.4964
0.4169 14.7936
0.4344 13.0183
0.4505 11.5872
0.471 9.6126
0.4944 7.5838
0.5192 5.4643
0.5383 3.9064
0.5486 3.2181
0.5617 2.3848
0.572 1.8776
0.5823 1.3704
0.5939 0.8813
0.6087 0.4828
0.6219 0.2111
0.6352 0.0482
