9.238e-3 0.156
2.079e-2 0.258
3.464e-2 0.355
4.85e-2 0.461
6.467e-2 0.552
8.314e-2 0.646
0.106 0.76
0.134 0.871
0.157 0.968
0.194 1.078
0.231 1.174
0.268 1.255
0.293 1.298
0.321 1.34
0.353 1.377
0.391 1.401
0.424 1.412
0.458 1.405
0.494 1.386
0.538 1.355
0.573 1.307
0.607 1.251
0.632 1.207
0.664 1.15
0.687 1.095
0.71 1.041
0.73 0.995
0.752 0.938
0.779 0.859
0.797 0.809
0.813 0.766
0.835 0.705
0.855 0.646
0.875 0.589
0.896 0.531
0.916 0.474
0.94 0.41
0.967 0.343
0.99 0.276
1.014 0.226
1.038 0.175
1.059 0.134
1.085 8.809e-2
1.112 4.845e-2
1.141 2.202e-2
1.163 4.404e-3
1.184 1.468e-3