0.0237 273.8618
0.0384 379.208
0.0546 484.5584
0.0709 573.0594
0.0856 648.9195
0.1051 729.0045
0.1214 800.6564
0.1409 880.7415
0.1604 952.402
0.1831 1024.071
0.2026 1099.9438
0.2286 1150.5598
0.2546 1222.2373
0.2806 1272.8533
0.3098 1319.2656
0.3342 1357.2404
0.365 1378.383
0.3958 1395.3134
0.4331 1399.6239
0.464 1395.4927
0.5045 1374.5379
0.5402 1340.9334
0.5709 1315.7407
0.5985 1261.0533
0.6293 1206.3744
0.6536 1160.1031
0.6811 1096.991
0.7069 1046.5117
0.7345 966.5505
0.7604 903.4342
0.7912 823.4815
0.8187 751.9449
0.8446 676.1916
0.8705 608.8631
0.8981 533.1141
0.9304 440.5288
0.9628 352.1557
0.9985 272.2158
1.0308 188.0551
1.0616 120.7393
1.094 78.7016
1.1345 19.8361
