6.8285e-3 0.0107
0.0171 0.0402
0.0228 0.0586
0.0296 0.0781
0.0364 0.1042
0.0444 0.1272
0.0512 0.1521
0.058 0.1787
0.0671 0.2083
0.074 0.2385
0.0831 0.2622
0.0922 0.2947
0.1024 0.329
0.1115 0.3639
0.1218 0.3989
0.1332 0.432
0.1423 0.4657
0.1548 0.5007
0.1662 0.5326
0.1764 0.5652
0.1912 0.5995
0.2014 0.6326
0.2162 0.6681
0.2265 0.6971
0.2424 0.7297
0.2572 0.764
0.2731 0.7953
0.2913 0.8296
0.3096 0.8611
0.3266 0.8877
0.3448 0.9108
0.3653 0.9374
0.3869 0.9581
0.404 0.9718
0.4279 0.9872
0.4564 0.9966
0.4757 0.9996
0.4996 0.999
0.5224 0.9931
0.5451 0.9848
0.5622 0.9742
0.5781 0.9635
0.5986 0.9452
0.6134 0.9304
0.6282 0.9133
0.6419 0.8979
0.6555 0.8801
0.6658 0.8636
0.6772 0.8481
0.6907 0.8269
0.7022 0.8103
0.7124 0.7926
0.7238 0.7731
0.7351 0.7534
0.7443 0.7376
0.7546 0.7168
0.7671 0.6926
0.7772 0.6749
0.7887 0.6518
0.7978 0.634
0.8058 0.6169
0.8149 0.6002
0.8228 0.5832
0.8319 0.5654
0.8445 0.5358
0.8558 0.5139
0.8649 0.4926
0.8763 0.4689
0.8888 0.4447
0.9002 0.4163
0.9162 0.3873
0.9287 0.3578
0.9423 0.3317
0.956 0.3027
0.9697 0.2743
0.9832 0.2471
0.9981 0.2199
1.0163 0.1892
1.0288 0.1679
1.0448 0.1377
1.063 0.1093
1.0789 0.0886
1.0926 0.0697
1.1074 0.0531
1.1222 0.0365
1.1415 0.0206
1.1562 0.0129
1.1677 7.5612e-3
1.1836 4.0172e-3
