0.0398 164.3846
0.0626 240.2659
0.0886 299.3065
0.1113 362.5509
0.1373 417.3792
0.1649 467.9995
0.1893 510.1865
0.2169 569.2315
0.2445 619.8518
0.2721 666.2597
0.3029 700.0393
0.337 754.889
0.3711 784.4647
0.4003 822.4524
0.436 860.4571
0.4652 881.5955
0.4977 915.3794
0.5302 940.7386
0.5691 953.478
0.6015 957.7757
0.634 974.7104
0.668 974.8
0.7005 974.8854
0.7362 962.3424
0.7718 954.0118
0.8043 949.8849
0.8367 928.9087
0.8675 907.9283
0.8967 891.1559
0.9226 870.1627
0.955 836.5497
0.9891 807.1532
1.0134 773.5188
1.0426 744.1095
1.075 702.0718
1.1009 668.4417
1.1301 626.3955
1.1576 592.7696
1.1852 559.1437
1.2111 521.3013
1.2435 475.0513
1.2727 428.7928
1.3002 386.7423
1.3342 348.9212
1.3683 298.4632
1.3958 260.625
1.4234 222.7869
1.4558 184.9615
1.4882 147.136
1.5173 117.7268
1.5482 88.3218
1.5822 58.9253
1.613 37.9449
1.6421 25.3849
1.6665 17.0243
