0.0125 0.0142
0.0228 0.0295
0.0296 0.0437
0.0352 0.0573
0.0422 0.072
0.0479 0.085
0.0547 0.1009
0.0638 0.1228
0.073 0.1411
0.081 0.1629
0.0912 0.1842
0.1049 0.209
0.1163 0.2379
0.1289 0.2662
0.1425 0.2963
0.1562 0.3223
0.1676 0.3494
0.1813 0.376
0.195 0.4055
0.2075 0.4327
0.2224 0.4616
0.2429 0.5023
0.2566 0.5312
0.2793 0.5726
0.2965 0.6044
0.317 0.6404
0.3341 0.6723
0.3535 0.6995
0.3774 0.7349
0.3979 0.7626
0.4161 0.7909
0.4378 0.8181
0.4606 0.8435
0.4834 0.87
0.5107 0.8972
0.5369 0.9214
0.5688 0.9449
0.6063 0.968
0.6519 0.9875
0.7019 0.9992
0.7406 0.9987
0.7873 0.9928
0.8214 0.9804
0.8487 0.9685
0.8725 0.9561
0.8941 0.9426
0.9135 0.9284
0.9294 0.9154
0.9453 0.9024
0.9588 0.89
0.9726 0.8776
0.9862 0.8646
0.9998 0.8516
1.0112 0.8386
1.0282 0.8203
1.0441 0.802
1.0623 0.7802
1.0805 0.7578
1.0975 0.7365
1.1123 0.717
1.1282 0.6945
1.143 0.6763
1.1577 0.6556
1.168 0.6391
1.1816 0.6202
1.1929 0.6019
1.2054 0.5854
1.2191 0.5659
1.2327 0.5457
1.2452 0.5274
1.2566 0.5091
1.2668 0.4915
1.2827 0.4708
1.2963 0.449
1.3088 0.4283
1.3235 0.4064
1.3395 0.3834
1.3542 0.3598
1.3769 0.3285
1.3917 0.3043
1.411 0.2772
1.4315 0.2482
1.4519 0.2211
1.4746 0.1927
1.4905 0.1703
1.5098 0.1479
1.5246 0.1284
1.5417 0.1118
1.5575 0.093
1.5769 0.0753
1.5973 0.0587
1.6155 0.0457
1.6303 0.0339
1.6461 0.0233
1.6633 0.015
1.6803 9.1145e-3
1.6985 3.2077e-3
