1.477e-3 0.0453
0.0148 0.2265
0.0354 0.5708
0.0487 0.7973
0.0672 1.0873
0.0849 1.4134
0.1048 1.7577
0.1218 2.0748
0.141 2.4191
0.1631 2.8449
0.1882 3.3251
0.2126 3.7691
0.2377 4.1949
0.262 4.6117
0.2878 5.0285
0.3122 5.4181
0.3357 5.7624
0.3594 6.0886
0.383 6.4148
0.4102 6.75
0.4361 7.0672
0.4671 7.4115
0.5018 7.7559
0.5328 8.0278
0.5674 8.3087
0.6101 8.5897
0.6478 8.7892
0.6854 8.9614
0.7237 9.0522
0.7665 9.1158
0.807 9.125
0.8497 9.089
0.8939 8.9805
0.9352 8.8176
0.9757 8.6095
1.0125 8.4013
1.0516 8.1207
1.0957 7.7586
1.1304 7.4508
1.1642 7.1248
1.2003 6.7446
1.2349 6.3824
1.2651 6.0383
1.2967 5.658
1.3269 5.3049
1.3623 4.8521
1.4005 4.3723
1.4365 3.9195
1.4771 3.4306
1.5131 2.9868
1.55 2.5523
1.589 2.0815
1.6273 1.6921
1.6611 1.3572
1.7024 0.9769
1.7436 0.6691
1.7849 0.4066
1.8216 0.2438
1.8526 0.1261
1.8806 0.0538
1.8931 0.0267
